# DUSTEM: Heat Capacity 
# 
# material density (g/cm3)       2.25000
# 
# nr of sizes
# sizes (microns)
# nr of T-values
# log T(K) log C_1...log C_ns (erg/K/cm3)
          30
 3.0000E-04  3.3056E-04  3.6424E-04  4.0135E-04  4.4223E-04  4.8729E-04  5.3693E-04  5.9163E-04  6.5190E-04  7.1832E-04  7.9150E-04  8.7213E-04  9.6098E-04  1.0589E-03  1.1668E-03  1.2856E-03  1.4166E-03  1.5609E-03  1.7199E-03  1.8951E-03  2.0882E-03  2.3010E-03  2.5354E-03  2.7937E-03  3.0783E-03  3.3919E-03  3.7374E-03  4.1182E-03  4.5377E-03  5.0000E-03
          30
-1.0000E+00  6.0866E+00  5.9603E+00  5.8339E+00  5.7075E+00  5.5811E+00  5.4547E+00  5.3283E+00  5.2019E+00  5.0755E+00  4.9491E+00  4.8227E+00  4.6963E+00  4.5699E+00  4.4435E+00  4.3171E+00  4.1908E+00  4.0644E+00  3.9380E+00  3.8117E+00  3.6854E+00  3.5591E+00  3.4328E+00  3.3066E+00  3.1804E+00  3.0543E+00  2.9283E+00  2.8024E+00  2.6767E+00  2.5513E+00  2.4262E+00
-8.3797E-01  6.0866E+00  5.9603E+00  5.8339E+00  5.7075E+00  5.5811E+00  5.4547E+00  5.3283E+00  5.2019E+00  5.0755E+00  4.9491E+00  4.8227E+00  4.6963E+00  4.5700E+00  4.4436E+00  4.3172E+00  4.1909E+00  4.0646E+00  3.9383E+00  3.8120E+00  3.6858E+00  3.5597E+00  3.4336E+00  3.3076E+00  3.1818E+00  3.0562E+00  2.9309E+00  2.8059E+00  2.6814E+00  2.5575E+00  2.4344E+00
-6.7592E-01  6.0867E+00  5.9603E+00  5.8339E+00  5.7075E+00  5.5811E+00  5.4547E+00  5.3283E+00  5.2019E+00  5.0755E+00  4.9491E+00  4.8228E+00  4.6964E+00  4.5701E+00  4.4437E+00  4.3174E+00  4.1912E+00  4.0649E+00  3.9387E+00  3.8126E+00  3.6866E+00  3.5608E+00  3.4350E+00  3.3096E+00  3.1844E+00  3.0597E+00  2.9355E+00  2.8120E+00  2.6895E+00  2.5683E+00  2.4487E+00
-5.1390E-01  6.0867E+00  5.9603E+00  5.8339E+00  5.7075E+00  5.5811E+00  5.4547E+00  5.3283E+00  5.2020E+00  5.0756E+00  4.9492E+00  4.8229E+00  4.6966E+00  4.5703E+00  4.4440E+00  4.3178E+00  4.1917E+00  4.0656E+00  3.9397E+00  3.8139E+00  3.6883E+00  3.5630E+00  3.4381E+00  3.3136E+00  3.1898E+00  3.0669E+00  2.9450E+00  2.8247E+00  2.7062E+00  2.5902E+00  2.4773E+00
-3.5186E-01  6.0867E+00  5.9603E+00  5.8339E+00  5.7075E+00  5.5811E+00  5.4548E+00  5.3284E+00  5.2021E+00  5.0757E+00  4.9494E+00  4.8232E+00  4.6969E+00  4.5708E+00  4.4447E+00  4.3187E+00  4.1928E+00  4.0671E+00  3.9417E+00  3.8166E+00  3.6919E+00  3.5678E+00  3.4444E+00  3.3221E+00  3.2010E+00  3.0817E+00  2.9645E+00  2.8502E+00  2.7394E+00  2.6331E+00  2.5321E+00
-1.8983E-01  6.0867E+00  5.9603E+00  5.8340E+00  5.7076E+00  5.5812E+00  5.4549E+00  5.3286E+00  5.2023E+00  5.0761E+00  4.9499E+00  4.8237E+00  4.6977E+00  4.5718E+00  4.4460E+00  4.3204E+00  4.1952E+00  4.0703E+00  3.9459E+00  3.8222E+00  3.6994E+00  3.5777E+00  3.4575E+00  3.3394E+00  3.2237E+00  3.1113E+00  3.0029E+00  2.8995E+00  2.8021E+00  2.7116E+00  2.6291E+00
-2.7797E-02  6.0868E+00  5.9604E+00  5.8341E+00  5.7077E+00  5.5814E+00  5.4552E+00  5.3290E+00  5.2028E+00  5.0767E+00  4.9507E+00  4.8249E+00  4.6992E+00  4.5738E+00  4.4488E+00  4.3242E+00  4.2001E+00  4.0769E+00  3.9547E+00  3.8338E+00  3.7147E+00  3.5979E+00  3.4839E+00  3.3737E+00  3.2680E+00  3.1678E+00  3.0742E+00  2.9881E+00  2.9104E+00  2.8416E+00  2.7820E+00
 1.3424E-01  6.0869E+00  5.9606E+00  5.8343E+00  5.7081E+00  5.5819E+00  5.4558E+00  5.3297E+00  5.2038E+00  5.0781E+00  4.9526E+00  4.8273E+00  4.7025E+00  4.5782E+00  4.4546E+00  4.3319E+00  4.2104E+00  4.0905E+00  3.9726E+00  3.8573E+00  3.7453E+00  3.6375E+00  3.5348E+00  3.4382E+00  3.3488E+00  3.2673E+00  3.1946E+00  3.1310E+00  3.0765E+00  3.0307E+00  2.9931E+00
 2.9627E-01  6.0872E+00  5.9610E+00  5.8348E+00  5.7087E+00  5.5828E+00  5.4570E+00  5.3313E+00  5.2060E+00  5.0810E+00  4.9564E+00  4.8325E+00  4.7094E+00  4.5873E+00  4.4666E+00  4.3478E+00  4.2313E+00  4.1178E+00  4.0080E+00  3.9030E+00  3.8036E+00  3.7109E+00  3.6259E+00  3.5493E+00  3.4816E+00  3.4232E+00  3.3737E+00  3.3326E+00  3.2992E+00  3.2724E+00  3.2512E+00
 4.5831E-01  6.0878E+00  5.9618E+00  5.8359E+00  5.7102E+00  5.5847E+00  5.4595E+00  5.3347E+00  5.2105E+00  5.0870E+00  4.9644E+00  4.8431E+00  4.7234E+00  4.6058E+00  4.4909E+00  4.3794E+00  4.2722E+00  4.1703E+00  4.0745E+00  3.9860E+00  3.9057E+00  3.8341E+00  3.7716E+00  3.7183E+00  3.6736E+00  3.6370E+00  3.6074E+00  3.5839E+00  3.5655E+00  3.5512E+00  3.5401E+00
 6.2033E-01  6.0890E+00  5.9635E+00  5.8381E+00  5.7132E+00  5.5887E+00  5.4648E+00  5.3418E+00  5.2199E+00  5.0995E+00  4.9809E+00  4.8647E+00  4.7517E+00  4.6425E+00  4.5381E+00  4.4395E+00  4.3477E+00  4.2637E+00  4.1883E+00  4.1218E+00  4.0645E+00  4.0161E+00  3.9761E+00  3.9436E+00  3.9175E+00  3.8970E+00  3.8810E+00  3.8686E+00  3.8592E+00  3.8520E+00  3.8465E+00
 7.8237E-01  6.0917E+00  5.9670E+00  5.8428E+00  5.7194E+00  5.5970E+00  5.4759E+00  5.3564E+00  5.2391E+00  5.1246E+00  5.0136E+00  4.9070E+00  4.8058E+00  4.7109E+00  4.6234E+00  4.5441E+00  4.4737E+00  4.4124E+00  4.3602E+00  4.3166E+00  4.2809E+00  4.2522E+00  4.2294E+00  4.2116E+00  4.1977E+00  4.1871E+00  4.1789E+00  4.1727E+00  4.1681E+00  4.1645E+00  4.1619E+00
 9.4440E-01  6.0972E+00  5.9743E+00  5.8526E+00  5.7323E+00  5.6140E+00  5.4982E+00  5.3856E+00  5.2770E+00  5.1733E+00  5.0755E+00  4.9847E+00  4.9017E+00  4.8274E+00  4.7621E+00  4.7060E+00  4.6587E+00  4.6197E+00  4.5880E+00  4.5628E+00  4.5429E+00  4.5274E+00  4.5154E+00  4.5063E+00  4.4993E+00  4.4940E+00  4.4900E+00  4.4870E+00  4.4848E+00  4.4831E+00  4.4818E+00
 1.1064E+00  6.1086E+00  5.9894E+00  5.8724E+00  5.7583E+00  5.6479E+00  5.5419E+00  5.4414E+00  5.3475E+00  5.2610E+00  5.1828E+00  5.1135E+00  5.0534E+00  5.0023E+00  4.9598E+00  4.9250E+00  4.8971E+00  4.8750E+00  4.8577E+00  4.8443E+00  4.8340E+00  4.8262E+00  4.8202E+00  4.8157E+00  4.8123E+00  4.8097E+00  4.8078E+00  4.8064E+00  4.8053E+00  4.8045E+00  4.8039E+00
 1.2685E+00  6.1318E+00  6.0196E+00  5.9116E+00  5.8086E+00  5.7116E+00  5.6218E+00  5.5399E+00  5.4667E+00  5.4026E+00  5.3476E+00  5.3014E+00  5.2634E+00  5.2326E+00  5.2081E+00  5.1888E+00  5.1738E+00  5.1622E+00  5.1534E+00  5.1467E+00  5.1416E+00  5.1377E+00  5.1348E+00  5.1326E+00  5.1310E+00  5.1298E+00  5.1289E+00  5.1282E+00  5.1276E+00  5.1273E+00  5.1270E+00
 1.4305E+00  6.1769E+00  6.0772E+00  5.9841E+00  5.8986E+00  5.8216E+00  5.7535E+00  5.6945E+00  5.6446E+00  5.6031E+00  5.5692E+00  5.5421E+00  5.5207E+00  5.5039E+00  5.4910E+00  5.4810E+00  5.4734E+00  5.4677E+00  5.4633E+00  5.4601E+00  5.4576E+00  5.4557E+00  5.4543E+00  5.4533E+00  5.4525E+00  5.4519E+00  5.4515E+00  5.4512E+00  5.4509E+00  5.4507E+00  5.4506E+00
 1.5925E+00  6.2590E+00  6.1782E+00  6.1061E+00  6.0432E+00  5.9893E+00  5.9442E+00  5.9072E+00  5.8773E+00  5.8535E+00  5.8348E+00  5.8203E+00  5.8091E+00  5.8006E+00  5.7941E+00  5.7891E+00  5.7854E+00  5.7826E+00  5.7805E+00  5.7790E+00  5.7778E+00  5.7769E+00  5.7762E+00  5.7757E+00  5.7754E+00  5.7751E+00  5.7749E+00  5.7747E+00  5.7746E+00  5.7745E+00  5.7744E+00
 1.7546E+00  6.3933E+00  6.3355E+00  6.2866E+00  6.2461E+00  6.2132E+00  6.1868E+00  6.1660E+00  6.1498E+00  6.1372E+00  6.1276E+00  6.1203E+00  6.1147E+00  6.1105E+00  6.1074E+00  6.1050E+00  6.1032E+00  6.1018E+00  6.1008E+00  6.1001E+00  6.0995E+00  6.0991E+00  6.0988E+00  6.0985E+00  6.0984E+00  6.0982E+00  6.0981E+00  6.0981E+00  6.0980E+00  6.0980E+00  6.0979E+00
 1.9166E+00  6.5830E+00  6.5465E+00  6.5170E+00  6.4936E+00  6.4752E+00  6.4609E+00  6.4500E+00  6.4416E+00  6.4352E+00  6.4303E+00  6.4267E+00  6.4239E+00  6.4218E+00  6.4203E+00  6.4191E+00  6.4182E+00  6.4176E+00  6.4171E+00  6.4167E+00  6.4164E+00  6.4162E+00  6.4161E+00  6.4159E+00  6.4159E+00  6.4158E+00  6.4157E+00  6.4157E+00  6.4157E+00  6.4157E+00  6.4156E+00
 2.0786E+00  6.8078E+00  6.7856E+00  6.7682E+00  6.7547E+00  6.7442E+00  6.7361E+00  6.7299E+00  6.7252E+00  6.7216E+00  6.7188E+00  6.7167E+00  6.7151E+00  6.7139E+00  6.7129E+00  6.7122E+00  6.7116E+00  6.7112E+00  6.7109E+00  6.7106E+00  6.7104E+00  6.7102E+00  6.7101E+00  6.7100E+00  6.7099E+00  6.7099E+00  6.7098E+00  6.7098E+00  6.7097E+00  6.7097E+00  6.7097E+00
 2.2407E+00  7.0395E+00  7.0236E+00  7.0109E+00  7.0008E+00  6.9927E+00  6.9863E+00  6.9812E+00  6.9771E+00  6.9738E+00  6.9712E+00  6.9691E+00  6.9673E+00  6.9659E+00  6.9648E+00  6.9639E+00  6.9631E+00  6.9624E+00  6.9619E+00  6.9615E+00  6.9611E+00  6.9608E+00  6.9605E+00  6.9603E+00  6.9601E+00  6.9599E+00  6.9598E+00  6.9597E+00  6.9596E+00  6.9595E+00  6.9594E+00
 2.4027E+00  7.2616E+00  7.2457E+00  7.2323E+00  7.2211E+00  7.2117E+00  7.2039E+00  7.1973E+00  7.1917E+00  7.1870E+00  7.1831E+00  7.1797E+00  7.1769E+00  7.1745E+00  7.1724E+00  7.1707E+00  7.1692E+00  7.1679E+00  7.1668E+00  7.1658E+00  7.1650E+00  7.1643E+00  7.1637E+00  7.1632E+00  7.1628E+00  7.1624E+00  7.1621E+00  7.1618E+00  7.1616E+00  7.1613E+00  7.1612E+00
 2.5647E+00  7.4585E+00  7.4402E+00  7.4243E+00  7.4105E+00  7.3986E+00  7.3883E+00  7.3794E+00  7.3717E+00  7.3650E+00  7.3593E+00  7.3543E+00  7.3500E+00  7.3463E+00  7.3432E+00  7.3404E+00  7.3380E+00  7.3359E+00  7.3342E+00  7.3326E+00  7.3313E+00  7.3302E+00  7.3292E+00  7.3283E+00  7.3276E+00  7.3269E+00  7.3264E+00  7.3259E+00  7.3255E+00  7.3251E+00  7.3248E+00
 2.7268E+00  7.6138E+00  7.5935E+00  7.5756E+00  7.5598E+00  7.5459E+00  7.5338E+00  7.5231E+00  7.5138E+00  7.5057E+00  7.4986E+00  7.4924E+00  7.4870E+00  7.4824E+00  7.4783E+00  7.4748E+00  7.4717E+00  7.4691E+00  7.4668E+00  7.4648E+00  7.4630E+00  7.4615E+00  7.4603E+00  7.4591E+00  7.4582E+00  7.4573E+00  7.4566E+00  7.4560E+00  7.4554E+00  7.4550E+00  7.4545E+00
 2.8888E+00  7.7239E+00  7.7023E+00  7.6830E+00  7.6659E+00  7.6507E+00  7.6373E+00  7.6255E+00  7.6151E+00  7.6059E+00  7.5979E+00  7.5909E+00  7.5848E+00  7.5795E+00  7.5748E+00  7.5708E+00  7.5673E+00  7.5642E+00  7.5616E+00  7.5592E+00  7.5573E+00  7.5555E+00  7.5540E+00  7.5527E+00  7.5516E+00  7.5506E+00  7.5498E+00  7.5490E+00  7.5484E+00  7.5478E+00  7.5474E+00
 3.0508E+00  7.7974E+00  7.7745E+00  7.7539E+00  7.7356E+00  7.7192E+00  7.7047E+00  7.6919E+00  7.6805E+00  7.6705E+00  7.6617E+00  7.6540E+00  7.6472E+00  7.6413E+00  7.6361E+00  7.6316E+00  7.6277E+00  7.6243E+00  7.6213E+00  7.6188E+00  7.6165E+00  7.6146E+00  7.6129E+00  7.6114E+00  7.6102E+00  7.6091E+00  7.6081E+00  7.6073E+00  7.6066E+00  7.6060E+00  7.6054E+00
 3.2129E+00  7.8439E+00  7.8198E+00  7.7981E+00  7.7786E+00  7.7612E+00  7.7457E+00  7.7319E+00  7.7197E+00  7.7089E+00  7.6994E+00  7.6910E+00  7.6836E+00  7.6772E+00  7.6716E+00  7.6667E+00  7.6624E+00  7.6586E+00  7.6554E+00  7.6526E+00  7.6501E+00  7.6480E+00  7.6461E+00  7.6445E+00  7.6431E+00  7.6419E+00  7.6409E+00  7.6400E+00  7.6392E+00  7.6385E+00  7.6379E+00
 3.3749E+00  7.8712E+00  7.8463E+00  7.8237E+00  7.8034E+00  7.7852E+00  7.7689E+00  7.7544E+00  7.7415E+00  7.7302E+00  7.7201E+00  7.7112E+00  7.7035E+00  7.6966E+00  7.6907E+00  7.6854E+00  7.6809E+00  7.6769E+00  7.6734E+00  7.6704E+00  7.6678E+00  7.6655E+00  7.6635E+00  7.6618E+00  7.6603E+00  7.6591E+00  7.6579E+00  7.6570E+00  7.6561E+00  7.6554E+00  7.6548E+00
 3.5369E+00  7.8860E+00  7.8605E+00  7.8374E+00  7.8166E+00  7.7979E+00  7.7812E+00  7.7663E+00  7.7530E+00  7.7413E+00  7.7309E+00  7.7217E+00  7.7137E+00  7.7066E+00  7.7004E+00  7.6950E+00  7.6903E+00  7.6861E+00  7.6825E+00  7.6794E+00  7.6767E+00  7.6743E+00  7.6723E+00  7.6705E+00  7.6690E+00  7.6676E+00  7.6665E+00  7.6654E+00  7.6646E+00  7.6638E+00  7.6632E+00
 3.6990E+00  7.8972E+00  7.8713E+00  7.8478E+00  7.8266E+00  7.8075E+00  7.7904E+00  7.7751E+00  7.7616E+00  7.7495E+00  7.7389E+00  7.7295E+00  7.7212E+00  7.7140E+00  7.7076E+00  7.7020E+00  7.6972E+00  7.6929E+00  7.6892E+00  7.6860E+00  7.6832E+00  7.6808E+00  7.6787E+00  7.6768E+00  7.6752E+00  7.6738E+00  7.6726E+00  7.6716E+00  7.6707E+00  7.6699E+00  7.6693E+00
